20 1000000000000000000
4898883491288749 7306552310288356
6495787019201677 5761740500310658
1854979925862233 2600664089073785
6511337880467338 1867724773567174
115662524554542 4209547377549496
7088805115569388 3575983727486606
9893765425000773 2559721729260126
1423112019301404 4701427277892407
4329573628542071 4996397690283658
7188911439428743 6129915017074629
1070749910739941 550252213526080
5019167104313886 4110716672990556
9627461802231153 5969004099054313
2268714346203606 312326032318408
4465349450103874 9791541308034769
1213096076297769 5942525652452854
2685342319138116 9436759868997032
118932595340180 4334218861353593
1252855099956133 4408703361639682
1963165592456471 5698219711142918